14 26 1 1 2

1

1


1 2 0 0 0
1 1

2 3 0 0 0
0

3 2 0 0 0
0

3 4 0 0 0
0

4 3 0 0 0
0

4 5 0 0 0
0

5 4 0 0 0
0

5 6 0 0 0
0

6 5 0 0 0
0

6 7 0 0 0
0

7 6 0 0 0
0

7 8 0 0 0
0

8 7 0 0 0
0

8 9 0 0 0
0

9 8 0 0 0
0

9 10 0 0 0
0

10 9 0 0 0
0

10 11  0 0 0
0

11 10 0 0 0
0

11  12 0 0 0
0

12 11 0 0 0
0

12 13 0 0 0
0

13 12 0 0 0
0

13 14 0 0 0
0

14 13 0 0 0
0

2 1 0 1 0
1 6 10
2 1 11 15




T 	Time
2	0.000355
4	0.134996
6	0.223448
8	0.281873
10	0.381145
12	0.526717
14	0.650515
16	0.772484
18	0.836541
20	1.01429
22	1.04948
24	1.15572
26	1.26705
