26 24 16 0 0

1

26

1 2 0 0 1
1
0

2 3 0 0 1
2
0

3 4 0 0 1
3
0

4 5 0 0 1
4
0

5 6 0 0 1
5
0

6 7 0 0 1
6
0

7 8 0 0 1
7
0

8 9 0 0 1
8
0

9 10 0 0 1
9
0

10 11 0 0 1
10
0

11 12 0 0 1
11
0

12 13 0 0 1
12
0

13 14 0 0 1
13
0

14 15 0 0 1
14
0

15 16 0 0 1
15
0

16 17 0 0 1
16
0

17 18 0 2 0
9 1 1
1 2 2
0

18 19 0 2 0
10 1 1
2 2 2
0

19 20 0 2 0
11 1 1
3 2 2
0

20 21 0 2 0
12 1 1
4 2 2
0

21 22 0 2 0
13 1 1
5 2 2
0

22 23 0 2 0
14 1 1
6 2 2
0

23 24 0 2 0
15 1 1
7 2 2
0

24 25 0 2 0
16 1 1
8 2 2
0

